3229285
11268952
14650511
16230884
19238681
20882955
26081114
38421868
40712361
43443006
46516325
53499360
55178143
60083450
62384832
63347382
68055251
73904638
88938206
89318099
94739600
97811457
102341581
115471324
116002448
118245790
118950566
132625659
134626668
138171789
141917513
143924914
147542664
151469276
155326363
160170471
162794851
163344636
171250322
173162548
175516154
178266161
178804962
184656422
187130533
189455238
195351326
196917835
207442309
208609994
210083307
215243940
220584981
221481970
231408034
232990722
236054173
238429006
242517590
246549406
249013939
250037957
251733057
253810857
256405646
257104197
264095739
266527389
273777388
274495789
279754842
281054130
281473113
283950077
292595160
301275411
302207219
305280602
310040672
311777719
312003317
312394492
313594008
313692903
314140976
314562345
327627027
332400995
332947529
334362544
338931261
347875348
354450585
357656559
361433515
363698438
370080384
377770477
407305377
408838248
421047262
428388623
431271824
439214290
445156403
449643443
459064088
469514889
479929273
481997051
485068112
489110162
490944093
494387258
509112521
520501386
521695391
525017507
529744711
537625684
538577310
539146527
539643344
542797344
545657196
546089937
549319223
550605618
553198129
567848640
572900499
575771200
578950401
585965012
589795515
594805019
598882622
599638945
604218959
608063145
610138948
624386880
628658543
637475827
637573079
643706896
645113417
645545711
646521611
648842031
653396964
654552922
658266509
659900171
664607763
664809933
665154976
671122934
675827749
688120949
692061894
700784857
700922923
702987980
711072288
723400594
731663110
732095208
733020118
740886023
742807537
743014166
743336963
744265101
751396819
752414644
753994791
764680500
771287825
782028957
782807834
785791131
795546196
797174136
804348551
814576382
829694490
834068396
839426280
846155217
846455593
852785548
856834115
859642837
863794219
865201447
867069580
870128690
870573213
872602603
873191707
875137903
877409839
879131284
880349787
883974718
894806239
896136183
900474793
910055832
914471105
923878840
930416963
938158863
941183294
943440513
944047389
957483382
958691617
959584928
962534934
966245083
975923309
980504791
984674766
991580669
1008711285
1009321946
1011053524
1013149338
1016480561
1020338880
1030811639
1038699316
1043739547
1054413206
1055831188
1056883724
1075990947
1081143603
1084395996
1093776688
1094961454
1104316154
1114318818
1117927111
1118897479
1119565471
1132664718
1143046554
1148617096
1155940392
1157248607
1158854875
1167091483
1167566690
1171324975
1184016905
1185244459
1186241980
1193349301
1195591018
1200660896
1204907724
1209102928
1220761204
1223257549
1226985352
1229343514
1234837337
1237962532
1238726567
1239447328
1250226469
1255788706
1258037626
1258070645
1264502928
1264742154
1270121132
1274460454
1280689875
1289682805
1290543347
1294479303
1296804628
1297778658
1303379926
1306292517
1306774231
1307900080
1311867170
1321614291
1321840487
1324597584
1328639450
1338572013
1339164675
1345168147
1354404049
1356398104
1356879286
1361111505
1363916412
1367885266
1376087567
1376590708
1380390115
1382380912
1384761557
1388755206
1396121540
1398667507
1405554408
1406739173
1414356826
1419148332
1426999052
1433050087
1438609718
1443840622
1448256483
1450571100
1452289655
1456467155
1461053074
1473295506
1475318056
1479406145
1486166241
1488764524
1495146389
1495499662
1496499652
1496765845
1511588122
1519082101
1523894984
1528019050
1530637244
1531321727
1538455997
1542716498
1545357299
1549332235
1549862737
1552110534
1557964564
1561069309
1564639953
1565101109
1576901576
1583954023
1586069660
1586362959
1589033816
1590897732
1597841243
1600873155
1612349402
1612358838
1615663080
1624568005
1626680521
1626800799
1635550141
1656375441
1661340541
1661477097
1668149953
1668495383
1676323981
1680373510
1687178985
1690868713
1697251916
1698402220
1699727778
1706548991
1706557466
1708854634
1709206300
1709400656
1710670824
1710937588
1714166873
1720123587
1723360856
1728445745
1734651750
1736071585
1741695795
1743952351
1743996888
1763027041
1765451082
1776572180
1783707413
1787494298
1787609274
1789279418
1790059800
1793000154
1795465915
1799388853
1801016395
1808245832
1810263948
1814169488
1823603472
1834295046
1845333287
1846873530
1847461745
1851652100
1853677820
1854317376
1858633848
1859641954
1860646362
1861438711
1862272524
1866727937
1869198111
1869779160
1876030658
1882469636
1885073926
1886551935
1889473190
1889503119
1891795285
1894314419
1895727503
1897385491
1898095000
1903080374
1903559756
1905622135
1905832279
1908550750
1910937239
1912036002
1919970698
1920486349
1920624725
1921853019
1923750262
1926130482
1932635384
1933642055
1936192924
1949935296
1952482280
1960083981
1960479832
1962183027
1968914592
1971810377
1977595047
1979718513
1980708175
1982120266
1990378944
1993563432
1996017763
2004152341
2008699352
2010074558
2010167400
2026113974
2028405233
2028963585
2030633908
2033808910
2037908115
2041077486
2041447909
2042828677
2045637664
2046404365
2050294059
2051915317
2059110405
2065894811
2069141818
2070411497
2075455330
2079048503
2083630786
2090025499
2104337497
2105472203
2107886015
2108162151
2115141684
2126220799
2127921975
2135997964
2140056905
